surfaceInfo="dz\data\data\penetration\dirt.bisurf";
ambient[]={0.50196099,0.50196099,0.25097999,1};
diffuse[]={0.50196099,0.50196099,0.25097999,1};
forcedDiffuse[]={0,0,0,0};
emmisive[]={0,0,0,1};
specular[]={0,0,0,1};
specularPower=1;
PixelShaderID="Normal";
VertexShaderID="Basic";
