ambient[]={1,1,1,1};
diffuse[]={1,1,1,1};
forcedDiffuse[]={1,1,1,1};
emmisive[]={0.30000001,0.30000001,0.30000001,1};
PixelShaderID="Normal";
VertexShaderID="Basic";
