ambient[]={1,1,1,1};
diffuse[]={1,1,1,1};
forcedDiffuse[]={0,0,0,0};
specular[]={0.30000001,0.30000001,0.30000001,0};
specularPower=100;
